Positive\1664237270.8923428.jpg 1 616 339 99 141
Positive\1664237325.4135563.jpg 1 703 371 57 85
Positive\1664237332.4197304.jpg 1 643 355 92 143
Positive\1664237349.0626385.jpg 1 672 421 35 57
Positive\1664237364.345902.jpg 1 630 314 112 164
Positive\1664237375.0245337.jpg 2 670 361 51 76 1151 361 53 78
Positive\1664237451.2777095.jpg 1 1023 482 17 27
Positive\1664237466.543479.jpg 1 715 396 26 44
Positive\1664237490.3547845.jpg 7 778 407 27 42 607 418 12 21 593 431 9 12 652 409 10 19 663 431 9 17 704 410 10 18 754 411 8 12
Positive\1664237496.9736865.jpg 7 1077 560 41 50 950 583 15 23 935 601 9 15 999 602 12 16 1053 578 15 21 1119 577 14 19 1187 577 12 19
Positive\1664237510.8413374.jpg 3 147 330 94 131 740 385 17 22 690 381 7 12
Positive\1664237533.0874608.jpg 9 948 456 13 24 918 480 10 16 1011 456 18 24 1085 454 13 25 1101 483 18 22 1157 455 13 20 1234 453 12 24 1265 458 25 34 1316 450 11 26
Positive\1664237539.3708928.jpg 9 680 440 15 26 714 404 22 31 909 403 16 32 952 442 20 32 1007 402 15 31 1106 399 12 35 1134 404 30 52 1207 396 10 36 1310 394 11 38
Positive\1664237578.793824.jpg 1 657 432 10 19
Positive\1664237601.360357.jpg 6 829 394 26 35 257 395 13 29 240 397 14 27 218 398 15 26 204 397 13 27 125 399 11 29
Positive\1664237608.6264565.jpg 1 626 390 41 60
Positive\1664237614.6041827.jpg 4 42 414 11 30 60 413 11 29 85 413 13 30 106 413 12 30
Positive\1664237663.498279.jpg 1 689 372 22 65
Positive\1664237678.9580522.jpg 1 640 421 10 18
Positive\1664237700.8779192.jpg 2 270 302 111 149 670 272 11 16
Positive\1664237760.8871174.jpg 3 400 345 29 38 810 338 16 57 1033 315 42 99
Positive\1664237807.554191.jpg 1 704 409 9 14
Positive\1664237831.5739942.jpg 1 937 346 29 45
Positive\1664237838.5034683.jpg 1 850 376 20 31
Positive\1664237945.413097.jpg 2 737 425 18 23 664 381 10 13
Positive\1664237951.778447.jpg 1 907 395 8 25
Positive\1664238112.105913.jpg 5 355 359 13 40 65 358 11 43 717 357 15 48 909 355 19 44 1116 354 22 45
Positive\1664238127.6490686.jpg 8 704 347 18 26 293 352 11 24 274 353 14 22 251 351 15 21 236 352 12 20 123 356 13 20 135 356 15 22 956 343 12 18
Positive\1664238135.967336.jpg 2 590 367 29 44 905 358 9 14
Positive\1664238152.716597.jpg 1 601 317 41 87
Positive\1664238163.8153133.jpg 1 678 364 78 135
Positive\1664238181.724895.jpg 4 312 341 55 77 703 371 37 52 836 381 32 44 1348 416 13 19
Positive\1664238189.4930594.jpg 1 633 371 44 93
Positive\1664238208.31035.jpg 1 680 343 85 151
Positive\1664238261.352051.jpg 1 635 305 122 170
Positive\1664238265.2636416.jpg 1 441 303 119 161
Positive\1664238278.3450723.jpg 1 172 457 247 319
Positive\1664238323.7111707.jpg 1 299 360 156 225
Positive\1664238425.6775396.jpg 1 1039 426 13 23
Positive\1664238484.7041984.jpg 1 642 393 30 96
Positive\1664238491.5645814.jpg 1 689 360 26 42
Positive\1664238506.0343795.jpg 1 1278 397 49 64
Positive\1664238530.9976406.jpg 3 837 336 34 52 131 322 44 60 1243 320 54 69
Positive\1664238534.877377.jpg 1 925 280 54 81
Positive\1664238563.2602038.jpg 2 711 356 16 23 384 347 19 32
Positive\1664238576.6719337.jpg 3 1082 403 28 38 590 398 20 35 465 397 13 16
Positive\1664238609.6344898.jpg 0
Positive\1664238614.4350007.jpg 1 679 443 10 12
Positive\1664238618.9195895.jpg 1 678 416 10 15
Positive\1664238637.4450362.jpg 0
Positive\1664238642.8380694.jpg 1 683 439 12 20
Positive\1664238664.7242024.jpg 0
Positive\1664238667.8077073.jpg 0
Positive\1664238700.0037427.jpg 8 1050 363 64 92 857 393 18 25 114 361 29 39 630 399 7 13 639 398 9 19 649 398 9 14 663 398 11 14 878 398 10 13
Positive\1664238769.2775621.jpg 1 649 358 27 42
Positive\1664238775.249088.jpg 0
Positive\1664238811.0718546.jpg 1 100 163 146 473
Positive\1664238882.3289697.jpg 2 995 434 101 163 75 514 42 50
Positive\1664238888.5146363.jpg 1 1217 436 146 301
Positive\1664238947.4271052.jpg 1 731 259 57 97
Positive\1664238975.6462946.jpg 1 848 213 69 110
